[0,40,120],[0,40,120],[0,30,120],[0,30,120]
[0,40,120],[0,40,120],[0,35,120],[0,35,120]
[0,40,120],[0,40,120],[0,40,120],[0,40,120]
[0,40,120],[0,40,120],[0,45,120],[0,45,120]
[0,40,120],[0,40,120],[0,50,120],[0,50,120]
[0,40,120],[0,40,120],[0,45,120],[0,45,120]
[0,40,120],[0,40,120],[0,40,120],[0,40,120]
[0,40,120],[0,40,120],[0,35,120],[0,35,120]
[0,40,120],[0,40,120],[0,30,120],[0,30,120]
[0,40,120],[0,40,120],[0,35,120],[0,35,120]
[0,40,120],[0,40,120],[0,40,120],[0,40,120]
[0,40,120],[0,40,120],[0,45,120],[0,45,120]
[0,40,120],[0,40,120],[0,50,120],[0,50,120]
[0,40,120],[0,40,120],[0,45,120],[0,45,120]
[0,40,120],[0,40,120],[0,40,120],[0,40,120]
[0,40,120],[0,40,120],[0,35,120],[0,35,120]
[0,40,120],[0,40,120],[0,30,120],[0,30,120]
[0,40,120],[0,40,120],[0,35,120],[0,35,120]
[0,40,120],[0,40,120],[0,40,120],[0,40,120]
[0,40,120],[0,40,120],[0,45,120],[0,45,120]
[0,40,120],[0,40,120],[0,50,120],[0,50,120]
[0,40,120],[0,40,120],[0,45,120],[0,45,120]
[0,40,120],[0,40,120],[0,40,120],[0,40,120]
[0,40,120],[0,40,120],[0,35,120],[0,35,120]
[0,40,120],[0,40,120],[0,30,120],[0,30,120]
[0,40,120],[0,40,120],[0,35,120],[0,35,120]
[0,40,120],[0,40,120],[0,40,120],[0,40,120]
[0,40,120],[0,40,120],[0,45,120],[0,45,120]
[0,40,120],[0,40,120],[0,50,120],[0,50,120]
[0,40,120],[0,40,120],[0,45,120],[0,45,120]
[0,40,120],[0,40,120],[0,40,120],[0,40,120]
[0,40,120],[0,40,120],[0,35,120],[0,35,120]

