[0, 63, 116],[0, 63, 116],[0, 63, 116],[0, 63, 116]
[0, 61, 115],[0, 62, 117],[0, 62, 117],[0, 61, 115]
[0, 60, 113],[0, 61, 118],[0, 61, 118],[0, 60, 113]
[0, 59, 112],[0, 60, 119],[0, 60, 119],[0, 59, 112]
[0, 58, 110],[0, 58, 121],[0, 58, 121],[0, 58, 110]
[0, 57, 108],[0, 58, 121],[0, 58, 121],[0, 57, 108]
[0, 56, 106],[0, 57, 122],[0, 57, 122],[0, 56, 106]
[0, 55, 105],[0, 56, 123],[0, 56, 123],[0, 55, 105]
[0, 54, 103],[0, 55, 124],[0, 55, 124],[0, 54, 103]
[0, 53, 101],[0, 54, 125],[0, 54, 125],[0, 53, 101]
[0, 52, 98],[0, 53, 126],[0, 53, 126],[0, 52, 98]
[0, 52, 96],[0, 52, 127],[0, 52, 127],[0, 52, 96]
[0, 52, 94],[0, 51, 128],[0, 51, 128],[0, 52, 94]
[0, 52, 94],[0, 51, 128],[0, 51, 128],[0, 52, 94]
[0, 51, 97],[0, 54, 128],[0, 54, 128],[0, 51, 97]
[0, 50, 101],[0, 56, 129],[0, 56, 129],[0, 50, 101]
[0, 49, 104],[0, 59, 130],[0, 59, 130],[0, 49, 104]
[0, 49, 107],[0, 61, 130],[0, 61, 130],[0, 49, 107]
[0, 49, 109],[0, 64, 130],[0, 64, 130],[0, 49, 109]
[0, 49, 112],[0, 67, 130],[0, 67, 130],[0, 49, 112]
[0, 49, 115],[0, 70, 130],[0, 70, 130],[0, 49, 115]
[0, 49, 118],[0, 72, 130],[0, 72, 130],[0, 49, 118]
[0, 49, 120],[0, 75, 130],[0, 75, 130],[0, 49, 120]
[0, 50, 123],[0, 78, 129],[0, 78, 129],[0, 50, 123]
[0, 51, 125],[0, 82, 128],[0, 82, 128],[0, 51, 125]
[0, 51, 128],[0, 85, 127],[0, 85, 127],[0, 51, 128]
[0, 51, 128],[0, 85, 127],[0, 85, 127],[0, 51, 128]
[0, 54, 128],[0, 81, 127],[0, 81, 127],[0, 54, 128]
[0, 56, 129],[0, 76, 125],[0, 76, 125],[0, 56, 129]
[0, 59, 130],[0, 73, 123],[0, 73, 123],[0, 59, 130]
[0, 61, 130],[0, 69, 121],[0, 69, 121],[0, 61, 130]
[0, 64, 130],[0, 66, 119],[0, 66, 119],[0, 64, 130]
[0, 67, 130],[0, 63, 116],[0, 63, 116],[0, 67, 130]
[0, 70, 130],[0, 60, 113],[0, 60, 113],[0, 70, 130]
[0, 72, 130],[0, 58, 110],[0, 58, 110],[0, 72, 130]
[0, 75, 130],[0, 56, 106],[0, 56, 106],[0, 75, 130]
[0, 78, 129],[0, 54, 103],[0, 54, 103],[0, 78, 129]
[0, 82, 128],[0, 52, 98],[0, 52, 98],[0, 82, 128]
[0, 85, 127],[0, 52, 94],[0, 52, 94],[0, 85, 127]
[0, 85, 127],[0, 52, 94],[0, 52, 94],[0, 85, 127]
[0, 81, 127],[0, 51, 97],[0, 51, 97],[0, 81, 127]
[0, 76, 125],[0, 50, 101],[0, 50, 101],[0, 76, 125]
[0, 73, 123],[0, 49, 104],[0, 49, 104],[0, 73, 123]
[0, 69, 121],[0, 49, 107],[0, 49, 107],[0, 69, 121]
[0, 66, 119],[0, 49, 109],[0, 49, 109],[0, 66, 119]
[0, 63, 116],[0, 49, 112],[0, 49, 112],[0, 63, 116]
[0, 60, 113],[0, 49, 115],[0, 49, 115],[0, 60, 113]
[0, 58, 110],[0, 49, 118],[0, 49, 118],[0, 58, 110]
[0, 56, 106],[0, 49, 120],[0, 49, 120],[0, 56, 106]
[0, 54, 103],[0, 50, 123],[0, 50, 123],[0, 54, 103]
[0, 52, 98],[0, 51, 125],[0, 51, 125],[0, 52, 98]
[0, 52, 94],[0, 51, 128],[0, 51, 128],[0, 52, 94]
[0, 52, 94],[0, 51, 128],[0, 51, 128],[0, 52, 94]
[0, 51, 97],[0, 54, 128],[0, 54, 128],[0, 51, 97]
[0, 50, 101],[0, 56, 129],[0, 56, 129],[0, 50, 101]
[0, 49, 104],[0, 59, 130],[0, 59, 130],[0, 49, 104]
[0, 49, 107],[0, 61, 130],[0, 61, 130],[0, 49, 107]
[0, 49, 109],[0, 64, 130],[0, 64, 130],[0, 49, 109]
[0, 49, 112],[0, 67, 130],[0, 67, 130],[0, 49, 112]
[0, 49, 115],[0, 70, 130],[0, 70, 130],[0, 49, 115]
[0, 49, 118],[0, 72, 130],[0, 72, 130],[0, 49, 118]
[0, 49, 120],[0, 75, 130],[0, 75, 130],[0, 49, 120]
[0, 50, 123],[0, 78, 129],[0, 78, 129],[0, 50, 123]
[0, 51, 125],[0, 82, 128],[0, 82, 128],[0, 51, 125]
[0, 51, 128],[0, 85, 127],[0, 85, 127],[0, 51, 128]
[0, 51, 128],[0, 85, 127],[0, 85, 127],[0, 51, 128]
[0, 54, 128],[0, 81, 127],[0, 81, 127],[0, 54, 128]
[0, 56, 129],[0, 76, 125],[0, 76, 125],[0, 56, 129]
[0, 59, 130],[0, 73, 123],[0, 73, 123],[0, 59, 130]
[0, 61, 130],[0, 69, 121],[0, 69, 121],[0, 61, 130]
[0, 64, 130],[0, 66, 119],[0, 66, 119],[0, 64, 130]
[0, 67, 130],[0, 63, 116],[0, 63, 116],[0, 67, 130]
[0, 70, 130],[0, 60, 113],[0, 60, 113],[0, 70, 130]
[0, 72, 130],[0, 58, 110],[0, 58, 110],[0, 72, 130]
[0, 75, 130],[0, 56, 106],[0, 56, 106],[0, 75, 130]
[0, 78, 129],[0, 54, 103],[0, 54, 103],[0, 78, 129]
[0, 82, 128],[0, 52, 98],[0, 52, 98],[0, 82, 128]
[0, 85, 127],[0, 52, 94],[0, 52, 94],[0, 85, 127]
[0, 85, 127],[0, 52, 94],[0, 52, 94],[0, 85, 127]
[0, 85, 127],[0, 51, 97],[0, 51, 97],[0, 85, 127]
[0, 85, 127],[0, 50, 101],[0, 50, 101],[0, 85, 127]
[0, 85, 127],[0, 49, 104],[0, 49, 104],[0, 85, 127]
[0, 85, 127],[0, 49, 107],[0, 49, 107],[0, 85, 127]
[0, 85, 127],[0, 49, 109],[0, 49, 109],[0, 85, 127]
[0, 85, 127],[0, 49, 112],[0, 49, 112],[0, 85, 127]
[0, 85, 127],[0, 49, 115],[0, 49, 115],[0, 85, 127]
[0, 85, 127],[0, 49, 118],[0, 49, 118],[0, 85, 127]
[0, 85, 127],[0, 49, 120],[0, 49, 120],[0, 85, 127]
[0, 85, 127],[0, 50, 123],[0, 50, 123],[0, 85, 127]
[0, 85, 127],[0, 51, 125],[0, 51, 125],[0, 85, 127]
[0, 85, 127],[0, 51, 128],[0, 51, 128],[0, 85, 127]
[0, 85, 127],[0, 51, 128],[0, 51, 128],[0, 85, 127]
[0, 83, 127],[0, 52, 127],[0, 52, 127],[0, 83, 127]
[0, 81, 127],[0, 53, 126],[0, 53, 126],[0, 81, 127]
[0, 78, 126],[0, 54, 125],[0, 54, 125],[0, 78, 126]
[0, 76, 125],[0, 55, 124],[0, 55, 124],[0, 76, 125]
[0, 74, 124],[0, 56, 123],[0, 56, 123],[0, 74, 124]
[0, 73, 123],[0, 57, 122],[0, 57, 122],[0, 73, 123]
[0, 71, 122],[0, 58, 121],[0, 58, 121],[0, 71, 122]
[0, 69, 121],[0, 58, 121],[0, 58, 121],[0, 69, 121]
[0, 67, 120],[0, 60, 119],[0, 60, 119],[0, 67, 120]
[0, 66, 119],[0, 61, 118],[0, 61, 118],[0, 66, 119]
[0, 64, 118],[0, 62, 117],[0, 62, 117],[0, 64, 118]
[0, 63, 116],[0, 63, 116],[0, 63, 116],[0, 63, 116]

