[0,50,110],[0,50,110],[0,50,110],[0,50,110]
[10,50,110],[10,50,110],[10,50,110],[10,50,110]
[20,50,110],[20,50,110],[20,50,110],[20,50,110]
[10,50,110],[10,50,110],[10,50,110],[10,50,110]
[0,50,110],[0,50,110],[0,50,110],[0,50,110]
[0,50,110],[0,50,110],[0,50,110],[0,50,110]
[10,50,110],[10,50,110],[10,50,110],[10,50,110]
[20,50,110],[20,50,110],[20,50,110],[20,50,110]
[10,50,110],[10,50,110],[10,50,110],[10,50,110]
[0,50,110],[0,50,110],[0,50,110],[0,50,110]
[0,50,110],[0,50,110],[0,50,110],[0,50,110]
[10,50,110],[10,50,110],[10,50,110],[10,50,110]
[20,50,110],[20,50,110],[20,50,110],[20,50,110]
[10,50,110],[10,50,110],[10,50,110],[10,50,110]
[0,50,110],[0,50,110],[0,50,110],[0,50,110]
[0,50,110],[0,50,110],[0,50,110],[0,50,110]
[10,50,110],[10,50,110],[10,50,110],[10,50,110]
[20,50,110],[20,50,110],[20,50,110],[20,50,110]
[10,50,110],[10,50,110],[10,50,110],[10,50,110]
[0,50,110],[0,50,110],[0,50,110],[0,50,110]
[0,50,110],[0,50,110],[0,50,110],[0,50,110]
[10,50,110],[10,50,110],[10,50,110],[10,50,110]
[20,50,110],[20,50,110],[20,50,110],[20,50,110]
[10,50,110],[10,50,110],[10,50,110],[10,50,110]
[0,50,110],[0,50,110],[0,50,110],[0,50,110]
[0,50,110],[0,50,110],[0,50,110],[0,50,110]
[10,50,110],[10,50,110],[10,50,110],[10,50,110]
[20,50,110],[20,50,110],[20,50,110],[20,50,110]
[10,50,110],[10,50,110],[10,50,110],[10,50,110]
[0,50,110],[0,50,110],[0,50,110],[0,50,110]