[-19,17,127],[-19,17,127],[-19,17,127],[-19,17,127]
[-19,33,147],[-19,33,147],[-19,33,147],[-19,33,147]
[-19,53,163],[-19,53,163],[-19,53,163],[-19,53,163]
[-14,34,118],[-14,34,118],[-14,34,118],[-14,34,118]
[-14,46,134],[-14,46,134],[-14,46,134],[-14,46,134]
[-14,62,146],[-14,62,146],[-14,62,146],[-14,62,146]
[-11,55,102],[-11,55,102],[-11,55,102],[-11,55,102]
[-11,64,116],[-11,64,116],[-11,64,116],[-11,64,116]
[-11,78,125],[-11,78,125],[-11,78,125],[-11,78,125]

[0,17,127],[0,17,127],[0,17,127],[0,17,127]
[0,33,147],[0,33,147],[0,33,147],[0,33,147]
[0,53,163],[0,53,163],[0,53,163],[0,53,163]
[0,34,118],[0,34,118],[0,34,118],[0,34,118]
[0,46,134],[0,46,134],[0,46,134],[0,46,134]
[0,62,146],[0,62,146],[0,62,146],[0,62,146]
[0,56,101],[0,56,101],[0,56,101],[0,56,101]
[0,65,115],[0,65,115],[0,65,115],[0,65,115]
[0,79,124],[0,79,124],[0,79,124],[0,79,124]

[17,26,123],[17,26,123],[17,26,123],[17,26,123]
[17,40,140],[17,40,140],[17,40,140],[17,40,140]
[17,57,154],[17,57,154],[17,57,154],[17,57,154]
[14,42,112],[14,42,112],[14,42,112],[14,42,112]
[14,53,127],[14,53,127],[14,53,127],[14,53,127]
[14,68,138],[14,68,138],[14,68,138],[14,68,138]
[11,68,91],[11,68,91],[11,68,91],[11,68,91]
[11,75,105],[11,75,105],[11,75,105],[11,75,105]
[11,89,112],[11,89,112],[11,89,112],[11,89,112]

