[0,60,120],[0,60,120],[0,60,120],[0,60,120]
[0,50,110],[0,50,110],[0,60,120],[0,60,120]
[0,50,110],[0,50,110],[0,60,120],[0,50,110]
[0,50,110],[0,50,110],[0,50,100],[0,50,100]
[0,50,110],[0,50,110],[0,45,100],[0,50,100]
[0,50,110],[0,50,110],[0,40,100],[0,50,100]
[0,50,110],[0,50,110],[0,35,100],[0,50,100]
[0,50,110],[0,50,110],[0,30,100],[0,50,100]
[0,50,110],[0,50,110],[0,25,100],[0,50,100]
[0,50,110],[0,50,110],[0,20,100],[0,50,100]
[0,50,110],[0,50,110],[0,15,100],[0,50,100]
[0,50,110],[0,50,110],[0,10,100],[0,50,100]
[0,50,110],[0,50,110],[0,5,100],[0,50,100]
[0,50,110],[0,50,110],[0,0,100],[0,50,100]
[0,50,110],[0,50,110],[0,0,100],[0,50,100]

[0,50,110],[0,50,110],[0,60,120],[0,60,120]
[0,50,110],[0,50,110],[0,60,120],[0,60,120]
[0,50,110],[0,50,110],[0,50,100],[0,60,120]
[0,50,110],[0,50,110],[0,50,100],[0,50,100]
[0,50,110],[0,50,110],[0,50,100],[0,45,100]
[0,50,110],[0,50,110],[0,50,100],[0,40,100]
[0,50,110],[0,50,110],[0,50,100],[0,35,100]
[0,50,110],[0,50,110],[0,50,100],[0,30,100]
[0,50,110],[0,50,110],[0,50,100],[0,25,100]
[0,50,110],[0,50,110],[0,50,100],[0,20,100]
[0,50,110],[0,50,110],[0,50,100],[0,15,100]
[0,50,110],[0,50,110],[0,50,100],[0,10,100]
[0,50,110],[0,50,110],[0,50,100],[0,5,100]
[0,50,110],[0,50,110],[0,50,100],[0,0,100]
[0,50,110],[0,50,110],[0,50,100],[0,0,100]
[0,60,120],[0,60,120],[0,50,100],[0,50,100]

[0,60,120],[0,60,120],[0,60,120],[0,60,120]
[0,45,120],[0,60,120],[0,60,120],[0,60,120]
[0,40,120],[0,60,120],[0,60,120],[0,60,120]
[0,35,120],[0,60,120],[0,60,120],[0,60,120]
[0,30,120],[0,60,120],[0,60,120],[0,60,120]
[0,25,120],[0,60,120],[0,60,120],[0,60,120]
[0,20,120],[0,60,120],[0,60,120],[0,60,120]
[0,15,120],[0,60,120],[0,60,120],[0,60,120]
[0,10,120],[0,60,120],[0,60,120],[0,60,120]
[0,5,120],[0,60,120],[0,60,120],[0,60,120]
[0,0,120],[0,60,120],[0,60,120],[0,60,120]

[0,60,120],[0,60,120],[0,60,120],[0,60,120]
[0,60,120],[0,45,120],[0,60,120],[0,60,120]
[0,60,120],[0,40,120],[0,60,120],[0,60,120]
[0,60,120],[0,35,120],[0,60,120],[0,60,120]
[0,60,120],[0,30,120],[0,60,120],[0,60,120]
[0,60,120],[0,25,120],[0,60,120],[0,60,120]
[0,60,120],[0,20,120],[0,60,120],[0,60,120]
[0,60,120],[0,15,120],[0,60,120],[0,60,120]
[0,60,120],[0,10,120],[0,60,120],[0,60,120]
[0,60,120],[0,5,120],[0,60,120],[0,60,120]
[0,60,120],[0,0,120],[0,60,120],[0,60,120]

[0,60,120],[0,60,120],[0,60,120],[0,60,120]

