[0,40,115],[0,40,115],[0,40,115],[0,40,115]
[0,40,115],[0,40,115],[0,52,130],[0,40,115]
[0,40,115],[0,40,115],[0,64,100],[0,40,115]
[0,52,130],[0,40,115],[0,60,100],[0,40,115]
[0,64,100],[0,40,115],[0,56,100],[0,40,115]
[0,60,100],[0,40,115],[0,52,100],[0,52,130]
[0,56,100],[0,40,115],[0,48,100],[0,64,100]
[0,52,100],[0,52,130],[0,44,100],[0,60,100]
[0,48,100],[0,64,100],[0,40,100],[0,56,100]
[0,44,100],[0,64,100],[0,52,130],[0,52,100]
[0,40,100],[0,56,100],[0,64,100],[0,48,100]
[0,52,130],[0,52,100],[0,60,100],[0,44,100]
[0,64,100],[0,48,100],[0,56,100],[0,40,100]
[0,60,100],[0,44,100],[0,52,100],[0,52,130]
[0,56,100],[0,40,100],[0,48,100],[0,64,100]
[0,52,100],[0,52,130],[0,44,100],[0,60,100]
[0,48,100],[0,64,100],[0,40,100],[0,56,100]
[0,44,100],[0,64,100],[0,52,130],[0,52,100]
[0,40,100],[0,56,100],[0,64,100],[0,48,100]
[0,52,130],[0,52,100],[0,60,100],[0,44,100]
[0,64,100],[0,48,100],[0,56,100],[0,40,100]
[0,60,100],[0,44,100],[0,52,100],[0,52,130]
[0,56,100],[0,40,100],[0,48,100],[0,64,100]
[0,52,100],[0,52,130],[0,44,100],[0,60,100]
[0,48,100],[0,64,100],[0,40,100],[0,56,100]
[0,44,100],[0,64,100],[0,52,130],[0,52,100]
[0,40,100],[0,56,100],[0,64,100],[0,48,100]
[0,52,130],[0,52,100],[0,60,100],[0,44,100]
[0,64,100],[0,48,100],[0,56,100],[0,40,100]
[0,60,100],[0,44,100],[0,52,100],[0,52,130]
[0,56,100],[0,40,100],[0,48,100],[0,64,100]
[0,52,100],[0,52,130],[0,44,100],[0,60,100]
[0,48,100],[0,64,100],[0,40,100],[0,56,100]
[0,44,100],[0,64,100],[0,52,130],[0,52,100]
[0,40,100],[0,56,100],[0,64,100],[0,48,100]
[0,52,130],[0,52,100],[0,60,100],[0,44,100]
[0,64,100],[0,48,100],[0,56,100],[0,40,100]
[0,60,100],[0,44,100],[0,52,100],[0,52,130]
[0,56,100],[0,40,100],[0,48,100],[0,64,100]
[0,52,100],[0,52,130],[0,44,100],[0,60,100]
[0,48,100],[0,64,100],[0,40,100],[0,56,100]
[0,44,100],[0,64,100],[0,40,100],[0,52,100]
[0,40,100],[0,56,100],[0,40,100],[0,48,100]
[0,52,130],[0,52,100],[0,40,100],[0,44,100]
[0,64,100],[0,48,100],[0,40,100],[0,40,100]
[0,60,100],[0,44,100],[0,40,100],[0,40,100]
[0,56,100],[0,40,100],[0,40,100],[0,40,100]
[0,52,100],[0,40,100],[0,40,100],[0,40,100]
[0,48,100],[0,40,100],[0,40,100],[0,40,100]
[0,44,100],[0,40,100],[0,40,100],[0,40,100]
[0,40,100],[0,40,100],[0,40,100],[0,40,100]