[0,60,115],[0,60,115],[0,30,80],[0,30,80]
[0,60,115],[0,60,115],[0,42,110],[0,30,80]
[0,60,115],[0,60,115],[0,54,80],[0,30,80]
[0,60,115],[0,60,115],[0,30,80],[0,30,80]
[0,60,150],[0,60,115],[0,30,80],[0,30,80]
[0,60,150],[0,60,115],[0,30,80],[0,30,80]
[0,60,115],[0,60,115],[0,30,80],[0,30,80]
[0,60,115],[0,60,115],[0,30,80],[0,42,110]
[0,60,115],[0,60,115],[0,30,80],[0,54,80]
[0,60,115],[0,60,115],[0,30,80],[0,30,80]
[0,60,115],[0,60,150],[0,30,80],[0,30,80]
[0,60,115],[0,60,150],[0,30,80],[0,30,80]
[0,60,115],[0,60,115],[0,30,80],[0,30,80]
[0,60,115],[0,60,115],[0,30,80],[0,30,80]
[0,60,115],[0,60,115],[0,42,110],[0,30,80]
[0,60,115],[0,60,115],[0,54,80],[0,30,80]
[0,60,115],[0,60,115],[0,30,80],[0,30,80]
[0,60,150],[0,60,115],[0,30,80],[0,30,80]
[0,60,150],[0,60,115],[0,30,80],[0,30,80]
[0,60,115],[0,60,115],[0,30,80],[0,30,80]
[0,60,115],[0,60,115],[0,30,80],[0,42,110]
