[0,40,115],[0,40,115],[0,40,115],[0,40,115]
[0,45,105],[0,40,115],[0,40,115],[0,60,95]
[0,40,115],[0,50,105],[0,55,95],[0,40,115]
[0,45,105],[0,40,115],[0,40,115],[0,60,95]
[0,40,115],[0,50,105],[0,55,95],[0,40,115]
[0,45,105],[0,40,115],[0,40,115],[0,60,95]
[0,40,115],[0,50,105],[0,55,95],[0,40,115]
[0,45,105],[0,40,115],[0,40,115],[0,60,95]
[0,40,115],[0,50,105],[0,55,95],[0,40,115]
[0,45,105],[0,40,115],[0,40,115],[0,60,95]
[0,40,115],[0,50,105],[0,55,95],[0,40,115]
[0,45,105],[0,40,115],[0,40,115],[0,60,95]
[0,40,115],[0,50,105],[0,55,95],[0,40,115]
[0,45,105],[0,40,115],[0,40,115],[0,60,95]
[0,40,115],[0,50,105],[0,55,95],[0,40,115]
[0,45,105],[0,40,115],[0,40,115],[0,60,95]
[0,40,115],[0,50,105],[0,55,95],[0,40,115]
[0,40,115],[0,40,115],[0,40,115],[0,40,115]