[0,60,125],[5,60,115],[0,30,85],[5,30,80]
[0,60,125],[5,60,115],[0,42,125],[5,30,80]
[0,60,160],[5,60,115],[0,55,85],[5,30,80]
[0,60,125],[5,60,115],[0,50,85],[5,30,80]
[0,60,125],[5,60,115],[0,45,85],[5,42,125]
[0,60,125],[5,60,115],[0,40,85],[5,55,80]
[0,60,125],[5,60,150],[0,35,85],[5,50,80]
[0,60,125],[5,60,115],[0,30,85],[5,45,80]
[0,60,125],[5,60,115],[0,42,125],[5,40,80]
[0,60,160],[5,60,115],[0,55,85],[5,35,80]
[0,60,125],[5,60,115],[0,50,85],[5,30,80]
[0,60,125],[5,60,115],[0,45,85],[5,42,125]
[0,60,125],[5,60,115],[0,40,85],[5,55,80]
[0,60,125],[5,60,150],[0,35,85],[5,50,80]
[0,60,125],[5,60,115],[0,30,85],[5,45,80]
[0,60,125],[5,60,115],[0,42,125],[5,30,80]
[0,60,160],[5,60,115],[0,55,85],[5,30,80]
[0,60,125],[5,60,115],[0,50,85],[5,30,80]
[0,60,125],[5,60,115],[0,45,85],[5,42,125]
[0,60,125],[5,60,115],[0,40,85],[5,55,80]
[0,60,125],[5,60,150],[0,35,85],[5,50,80]
[0,60,125],[5,60,115],[0,30,85],[5,45,80]
[0,60,125],[5,60,115],[0,42,125],[5,40,80]
[0,60,160],[5,60,115],[0,55,85],[5,35,80]
[0,60,125],[5,60,115],[0,50,85],[5,30,80]
[0,60,125],[5,60,115],[0,45,85],[5,42,125]
[0,60,125],[5,60,115],[0,40,85],[5,55,80]
[0,60,125],[5,60,150],[0,35,85],[5,50,80]
[0,60,125],[5,60,115],[0,30,85],[5,45,80]
[0,60,125],[5,60,115],[0,42,125],[5,30,80]
[0,60,160],[5,60,115],[0,55,85],[5,30,80]
[0,60,125],[5,60,115],[0,50,85],[5,30,80]
[0,60,125],[5,60,115],[0,45,85],[5,42,125]
[0,60,125],[5,60,115],[0,40,85],[5,55,80]
[0,60,125],[5,60,150],[0,35,85],[5,50,80]
[0,60,125],[5,60,115],[0,30,85],[5,45,80]
[0,60,125],[5,60,115],[0,42,125],[5,40,80]
[0,60,160],[5,60,115],[0,55,85],[5,35,80]
[0,60,125],[5,60,115],[0,50,85],[5,30,80]
[0,60,125],[5,60,115],[0,45,85],[5,42,125]
[0,60,125],[5,60,115],[0,40,85],[5,55,80]
[0,60,125],[5,60,150],[0,35,85],[5,50,80]
[0,60,125],[5,60,115],[0,30,85],[5,45,80]
[0,60,125],[5,60,115],[0,30,85],[5,40,80]
[0,60,125],[5,60,115],[0,30,85],[5,35,80]
[0,60,125],[5,60,115],[0,30,85],[5,30,80]