[0,80,140],[0,70,120],[0,70,120],[0,70,120]
[0,70,120],[0,80,140],[0,70,120],[0,70,120]
[0,70,120],[0,70,120],[0,80,140],[0,70,120]
[0,70,120],[0,70,120],[0,70,120],[0,80,140]
[0,70,120],[0,70,120],[0,70,120],[0,70,120]


[0,80,140],[0,70,120],[0,70,120],[0,70,120]
[0,70,120],[0,80,140],[0,70,120],[0,70,120]
[0,70,120],[0,70,120],[0,80,140],[0,70,120]
[0,70,120],[0,70,120],[0,70,120],[0,80,140]
[0,70,120],[0,70,120],[0,70,120],[0,70,120]

[0,80,140],[0,70,120],[0,70,120],[0,70,120]
[0,70,120],[0,80,140],[0,70,120],[0,70,120]
[0,70,120],[0,70,120],[0,80,140],[0,70,120]
[0,70,120],[0,70,120],[0,70,120],[0,80,140]
[0,70,120],[0,70,120],[0,70,120],[0,70,120]