[0,60,125],[0,60,125],[0,40,105],[0,40,105]
[0,65,140],[0,60,125],[0,40,105],[0,45,115]
[0,70,155],[0,60,125],[0,40,105],[0,50,125]
[0,75,170],[0,60,125],[0,40,105],[0,55,135]
[0,80,185],[0,60,125],[0,40,105],[0,60,145]
[0,85,170],[0,60,125],[0,40,105],[0,65,135]
[0,90,155],[0,60,125],[0,40,105],[0,70,125]
[0,95,140],[0,60,125],[0,40,105],[0,75,115]
[0,100,125],[0,60,125],[0,40,105],[0,80,105]
[0,95,125],[0,65,140],[0,45,115],[0,75,105]
[0,90,125],[0,70,155],[0,50,125],[0,70,105]
[0,85,125],[0,75,170],[0,55,135],[0,65,105]
[0,80,125],[0,80,185],[0,60,145],[0,60,105]
[0,75,125],[0,85,170],[0,65,135],[0,55,105]
[0,70,125],[0,90,155],[0,70,125],[0,50,105]
[0,65,125],[0,95,140],[0,75,115],[0,45,105]
[0,60,125],[0,100,125],[0,80,105],[0,40,105]
[0,65,140],[0,95,125],[0,75,105],[0,45,115]
[0,70,155],[0,90,125],[0,70,105],[0,50,125]
[0,75,170],[0,85,125],[0,65,105],[0,55,135]
[0,80,185],[0,80,125],[0,60,105],[0,60,145]
[0,85,170],[0,75,125],[0,55,105],[0,65,135]
[0,90,155],[0,70,125],[0,50,105],[0,70,125]
[0,95,140],[0,65,125],[0,45,105],[0,75,115]
[0,100,125],[0,60,125],[0,40,105],[0,80,105]
[0,95,125],[0,65,140],[0,45,115],[0,75,105]
[0,90,125],[0,70,155],[0,50,125],[0,70,105]
[0,85,125],[0,75,170],[0,55,135],[0,65,105]
[0,80,125],[0,80,185],[0,60,145],[0,60,105]
[0,75,125],[0,85,170],[0,65,135],[0,55,105]
[0,70,125],[0,90,155],[0,70,125],[0,50,105]
[0,65,125],[0,95,140],[0,75,115],[0,45,105]
[0,60,125],[0,100,125],[0,80,105],[0,40,105]
[0,65,140],[0,95,125],[0,75,105],[0,45,115]
[0,70,155],[0,90,125],[0,70,105],[0,50,125]
[0,75,170],[0,85,125],[0,65,105],[0,55,135]
[0,80,185],[0,80,125],[0,60,105],[0,60,145]
[0,85,170],[0,75,125],[0,55,105],[0,65,135]
[0,90,155],[0,70,125],[0,50,105],[0,70,125]
[0,95,140],[0,65,125],[0,45,105],[0,75,115]
[0,100,125],[0,60,125],[0,40,105],[0,80,105]
[0,95,125],[0,60,125],[0,40,105],[0,75,105]
[0,90,125],[0,60,125],[0,40,105],[0,70,105]
[0,85,125],[0,60,125],[0,40,105],[0,65,105]
[0,80,125],[0,60,125],[0,40,105],[0,60,105]
[0,75,125],[0,60,125],[0,40,105],[0,55,105]
[0,70,125],[0,60,125],[0,40,105],[0,50,105]
[0,65,125],[0,60,125],[0,40,105],[0,45,105]
[0,60,125],[0,60,125],[0,40,105],[0,40,105]
