[0,30,120],[0,30,120],[0,40,115],[0,40,115]
[0,40,115],[0,40,115],[0,40,115],[0,40,115]
[0,50,110],[0,50,110],[0,40,115],[0,40,115]
[0,40,115],[0,40,115],[0,40,115],[0,40,115]
[0,30,120],[0,30,120],[0,40,115],[0,40,115]
[0,40,115],[0,40,115],[0,40,115],[0,40,115]
[0,50,110],[0,50,110],[0,40,115],[0,40,115]
[0,40,115],[0,40,115],[0,40,115],[0,40,115]
[0,30,120],[0,30,120],[0,40,115],[0,40,115]
[0,40,115],[0,40,115],[0,40,115],[0,40,115]
[0,50,110],[0,50,110],[0,40,115],[0,40,115]
[0,40,115],[0,40,115],[0,40,115],[0,40,115]
[0,30,120],[0,30,120],[0,40,115],[0,40,115]
[0,40,115],[0,40,115],[0,40,115],[0,40,115]
[0,50,110],[0,50,110],[0,40,115],[0,40,115]
[0,40,115],[0,40,115],[0,40,115],[0,40,115]
[0,30,120],[0,30,120],[0,40,115],[0,40,115]
[0,40,115],[0,40,115],[0,40,115],[0,40,115]
[0,50,110],[0,50,110],[0,40,115],[0,40,115]
[0,40,115],[0,40,115],[0,40,115],[0,40,115]
